1
0
1
0
0
0
0
0
0
0
0
0
0
0
0
0
0
0
0
0
0
1
0
0
0
0
0
0
0
0
0
0
0
0
0
0
0
0
0
0
0
2
12
54
162
269
300
262
208
143
111
114
113
131
122
107
145
135
142
138
167
137
148
153
144
129
124
126
130
111
118
117
118
121
112
130
136
119
108
124
137
115
116
130
116
110
97
117
106
99
105
106
95
116
107
107
94
107
112
92
122
116
93
105
104
111
86
121
92
77
90
104
112
98
116
97
87
102
116
109
120
108
115
91
82
97
113
111
124
121
180
129
112
90
109
80
99
104
119
93
103
102
115
100
120
106
109
92
97
98
117
138
128
152
142
153
150
146
169
137
159
140
141
136
155
135
128
143
141
132
141
142
134
156
171
149
162
181
174
194
177
191
177
177
215
225
199
214
203
219
223
219
237
243
283
451
695
896
1717
3263
2209
525
139
97
90
98
101
84
123
105
94
94
91
109
88
94
106
103
82
117
96
108
86
111
112
97
114
125
114
118
125
105
114
113
84
111
109
117
104
102
114
130
109
111
111
115
128
100
98
115
114
104
108
112
121
98
98
122
123
111
104
113
97
121
106
123
112
130
134
133
131
114
123
117
103
107
117
121
129
113
124
99
106
131
115
136
108
110
122
101
102
130
122
110
113
115
111
119
123
111
109
110
122
121
101
108
119
118
120
109
117
116
124
116
104
127
114
133
123
113
117
112
102
115
114
109
116
122
139
118
119
112
121
125
147
124
134
125
126
120
114
134
119
121
118
131
127
112
118
103
122
126
126
143
134
137
129
107
135
145
127
135
131
122
138
119
136
138
137
153
135
131
121
132
123
158
133
143
118
140
154
132
143
133
127
132
129
127
116
127
115
144
133
115
154
153
228
158
138
110
110
125
98
104
126
131
116
102
110
118
121
110
138
120
108
111
109
114
105
110
102
119
116
92
105
94
99
113
108
91
92
111
108
92
122
105
107
104
108
96
102
100
111
94
97
94
108
85
110
104
111
81
86
88
107
85
117
87
122
116
106
119
82
97
85
103
88
107
93
105
100
100
92
105
97
98
90
83
97
95
104
97
100
86
97
93
102
90
106
101
81
100
103
92
83
96
106
96
93
106
87
89
81
89
99
97
87
96
105
80
74
82
86
90
85
92
82
89
88
74
82
72
85
71
76
77
70
77
67
81
76
76
65
80
74
69
75
73
71
55
68
62
55
72
72
65
51
67
69
86
93
110
90
77
70
65
54
76
65
48
72
63
66
57
71
54
52
54
62
67
62
51
73
54
51
65
54
50
63
62
66
54
51
62
76
60
80
71
70
77
73
64
71
56
59
56
55
58
57
62
50
47
50
59
49
49
50
54
45
54
40
46
47
44
56
49
49
59
56
45
50
50
44
51
56
44
54
41
49
54
43
45
53
59
50
55
42
40
48
38
32
60
48
53
40
54
49
43
37
51
44
48
43
46
48
69
45
38
35
54
38
34
42
46
46
43
39
39
41
54
39
35
42
50
41
35
39
53
54
107
173
354
597
502
219
64
33
31
38
41
36
43
35
34
38
40
41
36
30
42
35
29
30
37
38
34
35
31
41
36
41
35
32
38
29
43
35
36
35
26
32
32
44
41
34
40
31
52
46
71
50
40
48
38
36
40
31
41
42
38
34
27
54
50
128
258
610
1200
1250
673
187
40
22
31
23
22
30
25
23
25
35
23
30
23
30
22
14
32
27
27
16
37
24
21
30
30
36
29
22
25
23
27
22
22
29
22
24
25
20
30
29
29
20
19
18
23
19
24
15
31
26
17
26
19
32
25
35
18
30
19
23
22
33
30
25
25
29
26
20
26
23
23
29
34
18
27
19
23
27
26
18
26
24
27
34
33
22
23
28
24
23
31
31
22
25
27
32
20
28
18
18
25
40
26
19
18
28
19
35
27
25
22
25
22
17
27
26
39
61
71
52
43
23
26
73
197
590
1260
2696
3704
2477
862
151
28
6
12
10
9
7
10
5
9
8
9
12
9
11
8
11
6
8
9
11
7
5
10
9
7
7
8
10
9
11
5
3
5
11
5
6
8
3
9
4
17
6
12
10
6
2
4
16
5
12
9
7
10
14
6
9
10
10
11
8
17
38
101
240
451
489
282
73
23
8
9
6
8
7
6
7
7
9
7
9
4
5
7
9
5
4
7
7
4
5
1
9
3
7
6
2
4
9
5
6
7
5
6
9
6
2
2
6
4
5
4
2
4
3
7
12
0
3
6
5
6
4
7
7
4
6
6
7
4
7
7
6
3
2
4
8
8
7
4
3
7
4
4
6
7
5
4
5
8
6
3
1
7
4
3
6
8
5
4
4
6
5
3
3
3
5
4
10
5
6
3
7
5
5
3
5
4
5
6
5
4
3
4
5
4
6
7
8
4
10
2
4
4
5
4
4
7
5
4
2
4
3
6
3
8
2
5
4
6
6
1
3
8
4
2
4
5
5
3
4
4
3
9
3
2
2
3
4
3
2
4
3
1
2
4
5
4
3
4
7
10
5
5
4
3
6
4
3
5
6
1
3
3
5
9
3
4
3
4
3
4
5
5
0
1
2
5
5
3
4
4
6
2
2
3
6
6
4
5
5
3
4
1
2
8
2
4
5
2
8
5
4
6
2
2
4
5
5
4
3
3
4
6
2
5
3
2
3
2
4
4
0
3
2
1
3
6
3
4
5
3
1
2
5
3
2
2
5
3
3
2
5
1
2
5
2
4
2
2
4
4
0
4
4
7
2
3
5
3
5
2
4
2
2
3
4
1
4
4
1
2
1
1
5
1
3
5
3
2
3
5
5
3
3
4
5
3
6
12
4
3
4
4
5
2
2
2
2
5
2
1
3
4
6
3
6
2
7
2
6
6
3
3
1
2
2
3
1
3
5
4
4
3
1
4
2
6
7
4
2
2
3
3
1
3
3
1
4
3
5
1
3
3
2
3
3
3
4
3
1
3
1
2
2
2
4
5
5
1
1
1
5
7
2
3
3
3
3
3
2
4
4
1
6
5
3
2
3
4
2
3
5
6
3
2
1
3
1
1
1
5
3
3
2
0
5
2
1
6
0
4
4
3
3
2
3
4
2
4
3
4
2
1
1
5
3
2
1
2
2
4
2
3
2
3
4
4
2
5
0
3
2
3
4
0
1
4
1
2
3
3
4
2
8
0
2
4
2
2
0
5
4
5
4
3
0
3
1
8
3
1
2
0
1
0
10
4
12
10
9
4
4
4
1
3
1
5
2
7
2
3
1
3
3
4
2
1
3
2
1
1
3
4
5
2
1
0
2
2
5
5
5
0
4
1
1
5
3
3
4
1
5
3
5
2
4
6
1
1
2
0
4
1
4
0
3
2
8
6
9
28
34
29
15
7
3
0
2
1
0
1
3
3
4
3
2
1
3
1
1
4
4
0
3
1
1
2
2
1
1
2
1
3
3
2
2
7
0
1
1
5
0
1
3
3
1
1
4
2
2
0
6
2
2
2
3
6
1
4
6
0
1
1
1
3
2
3
1
1
1
3
3
1
0
0
5
0
4
2
0
4
2
2
2
4
0
1
2
3
2
2
2
0
6
3
2
2
2
2
1
4
3
1
0
5
2
3
2
2
1
1
2
2
0
3
1
0
1
4
3
3
3
0
0
7
2
1
5
6
2
6
8
8
4
2
3
1
1
1
2
2
1
2
0
0
1
1
0
7
1
2
0
2
3
0
2
1
2
0
2
4
2
2
3
0
0
1
1
0
2
3
1
0
0
5
3
3
0
3
0
1
3
2
0
3
1
4
1
0
2
3
0
2
2
2
1
1
0
0
4
3
2
0
1
0
1
1
0
2
1
2
0
1
1
1
1
1
1
0
1
0
0
1
1
2
0
3
2
1
2
3
1
3
3
3
3
1
1
2
0
0
3
3
2
2
1
1
4
2
2
1
2
1
4
2
2
3
2
1
2
4
1
3
1
2
2
1
1
2
1
5
0
2
3
2
0
2
1
3
2
2
0
5
0
0
0
3
0
0
2
0
4
5
6
2
2
1
1
1
2
3
1
2
1
1
3
1
2
0
3
0
1
1
0
0
0
1
0
2
4
2
2
1
0
2
0
2
1
1
3
1
3
2
2
0
0
0
2
1
2
3
0
3
3
2
3
0
2
1
2
3
5
1
5
1
2
1
0
3
2
2
2
2
1
2
2
4
0
1
1
1
2
1
1
1
2
5
1
0
1
2
3
1
0
1
4
2
4
3
2
2
4
0
5
10
5
2
2
2
1
2
0
1
0
2
4
1
4
1
2
3
0
0
1
2
3
3
1
0
2
1
1
1
3
0
1
0
2
0
0
3
1
2
3
2
0
6
3
2
0
2
0
2
2
4
2
0
3
1
1
1
1
1
1
0
1
3
0
3
5
0
2
0
0
3
2
2
5
1
3
0
1
1
0
0
1
2
2
0
2
2
2
0
1
1
1
2
7
3
3
1
1
0
3
2
1
2
1
0
4
4
3
0
1
1
1
1
1
1
1
0
1
1
0
1
1
1
0
2
3
4
3
1
0
1
1
1
2
2
0
0
0
0
2
0
1
1
1
0
0
1
2
2
1
0
0
4
4
3
3
1
1
0
2
1
2
1
0
2
3
5
0
3
1
1
0
3
3
0
1
5
3
1
3
2
1
1
0
3
2
1
1
2
0
0
1
0
1
1
1
0
2
0
1
2
0
3
1
2
3
1
0
0
1
1
1
0
1
1
4
0
0
2
0
2
1
2
1
1
0
5
2
1
3
2
0
1
1
1
0
1
0
1
1
2
0
1
1
1
2
2
2
0
1
2
1
0
1
2
3
0
0
2
1
0
1
5
1
2
0
2
0
3
2
3
0
0
2
0
2
2
0
1
1
2
1
0
0
1
1
2
2
1
0
1
1
2
3
1
0
0
3
2
0
1
4
1
0
2
1
2
0
3
1
2
0
1
1
0
0
0
0
1
1
1
2
1
0
0
1
2
1
0
1
2
0
2
1
0
1
4
2
2
3
0
2
1
1
3
3
0
2
1
2
8
3
9
9
6
1
4
1
1
1
3
1
1
1
0
0
1
4
0
1
1
1
3
0
0
1
0
1
0
0
1
0
1
0
0
2
0
1
1
1
1
1
3
3
0
1
0
0
1
0
0
0
2
1
0
0
3
2
3
3
0
5
0
1
0
1
2
0
1
1
0
0
1
0
2
3
1
0
1
1
3
3
0
3
0
0
1
1
1
0
2
3
0
1
3
2
0
2
0
1
2
0
0
0
2
0
2
1
0
1
3
0
0
1
1
3
2
1
3
1
1
1
2
2
1
1
0
1
0
1
3
1
2
1
4
1
5
1
0
2
0
1
3
1
5
2
7
1
0
1
0
1
1
0
1
1
0
0
0
1
1
1
1
1
2
1
1
1
2
0
1
2
1
1
2
0
3
1
3
0
1
0
0
1
0
1
0
2
1
0
0
2
3
0
1
2
1
0
2
0
2
0
2
3
2
0
1
1
1
1
0
1
1
1
1
2
0
1
0
1
0
2
0
2
2
5
3
0
1
2
0
1
2
0
1
0
2
0
0
0
2
0
0
0
0
1
2
2
0
1
0
0
0
0
2
1
0
3
1
1
0
0
1
2
0
0
1
2
3
0
2
0
1
1
1
1
1
0
2
1
0
0
1
1
2
0
1
1
1
0
2
1
1
1
3
1
2
1
1
2
3
1
0
0
1
1
2
0
0
1
0
1
0
0
0
2
2
0
0
1
0
0
0
0
1
4
0
0
0
1
4
0
2
0
0
1
0
1
0
1
1
1
1
1
1
2
1
1
0
2
4
1
1
1
2
2
0
1
1
1
1
0
2
1
0
1
0
0
1
1
0
0
0
1
0
0
2
0
0
1
1
0
1
0
1
0
1
1
0
0
0
1
1
0
0
1
4
0
2
0
2
2
0
2
0
1
0
0
2
1
1
2
1
3
1
3
4
0
1
0
0
1
1
1
3
0
1
0
2
1
2
0
1
0
1
2
3
0
2
1
2
3
1
0
1
2
0
3
1
1
0
2
0
1
0
0
0
0
3
0
0
1
2
2
1
0
2
0
1
0
0
0
3
0
0
1
2
0
2
0
2
0
0
1
2
0
1
0
0
0
0
1
0
1
0
2
1
0
2
2
0
1
0
0
1
1
1
0
0
0
2
2
2
1
2
5
11
9
8
2
3
1
0
1
0
1
1
0
3
1
0
0
2
1
0
2
0
0
1
0
1
0
3
0
0
2
3
1
0
0
1
0
4
1
3
0
0
2
3
1
0
0
0
0
0
0
1
3
4
1
0
0
1
0
0
2
0
2
0
1
0
1
0
1
0
2
0
0
1
2
0
1
0
1
2
0
1
2
1
2
0
0
2
4
1
1
1
0
0
0
0
1
0
1
1
2
1
0
1
1
2
2
0
0
1
0
1
1
1
0
2
2
0
2
0
1
3
1
0
1
2
2
2
0
2
1
1
1
3
2
2
0
1
3
1
0
0
2
1
0
1
1
0
2
3
1
1
2
0
1
1
0
3
0
1
0
1
2
0
0
0
1
2
1
1
1
0
0
1
0
0
1
2
3
2
2
0
1
0
0
2
1
1
1
2
1
3
3
1
2
1
1
1
1
0
0
1
2
1
0
0
0
1
1
2
1
2
2
2
0
0
2
0
0
1
1
2
3
1
1
0
0
0
0
1
0
0
0
0
1
1
2
0
1
2
2
1
3
0
1
0
1
1
1
0
2
0
0
2
1
0
0
1
1
0
2
1
0
0
1
0
2
0
0
1
2
0
0
0
1
0
1
0
0
0
2
2
1
0
3
0
2
1
1
1
4
3
3
2
4
1
2
2
0
1
1
0
1
1
1
1
0
1
0
0
1
0
0
1
1
0
0
1
0
0
1
0
1
1
1
1
1
1
1
0
1
0
2
0
0
1
1
0
1
0
0
0
0
0
0
0
0
0
1
2
2
2
1
1
0
1
0
1
3
0
3
2
2
1
0
1
0
1
2
3
1
0
0
0
0
1
2
3
2
2
1
1
4
1
0
0
1
0
0
0
0
2
3
0
1
2
1
1
2
0
2
0
0
2
0
1
0
1
0
3
1
2
0
1
1
2
0
0
1
0
3
1
0
2
0
2
0
1
0
0
2
0
0
0
1
0
1
0
0
1
1
0
1
1
1
0
1
1
0
1
0
0
3
1
1
0
0
2
0
1
0
1
1
0
0
0
1
0
0
0
2
0
1
0
1
0
0
1
0
0
0
2
0
1
0
0
0
0
0
0
1
0
0
1
0
0
0
1
0
0
0
0
2
1
0
0
0
2
2
0
1
0
1
0
0
1
1
2
0
2
1
0
1
2
5
0
1
1
1
0
0
1
0
0
2
2
0
0
1
2
0
0
1
0
0
0
2
2
1
2
0
1
1
0
1
0
2
0
1
0
0
0
0
0
1
0
1
0
0
0
0
1
0
0
1
1
2
3
1
0
1
0
0
0
1
0
0
0
0
1
1
0
0
0
0
0
0
0
1
0
0
0
0
2
0
1
2
0
1
0
2
0
1
3
0
0
0
0
0
0
0
0
0
1
0
0
1
0
0
0
1
0
0
0
0
2
4
1
3
0
3
0
0
1
0
0
0
1
0
1
1
0
1
2
1
0
3
1
0
0
0
0
0
0
0
0
0
0
1
1
0
1
0
0
0
0
1
0
0
0
0
0
0
0
0
1
1
1
0
1
0
0
0
1
1
1
1
0
1
0
1
1
0
1
0
0
0
2
0
1
0
2
4
0
0
1
0
1
0
0
1
0
0
1
0
0
0
0
0
0
1
1
0
0
0
0
1
0
0
0
0
0
1
1
1
0
0
1
0
0
0
1
1
0
0
0
1
0
1
1
0
1
0
0
0
0
1
0
0
0
0
0
0
0
1
1
0
2
0
0
0
0
0
0
0
2
0
0
0
0
0
0
2
0
0
1
0
0
1
2
0
0
1
1
0
0
2
0
0
0
2
0
4
0
0
0
1
0
0
0
1
0
1
0
0
0
0
0
0
0
0
1
0
1
2
1
3
5
8
15
23
27
24
22
11
5
1
2
0
0
0
0
0
0
0
1
1
0
0
1
0
0
0
0
0
0
0
1
0
0
1
0
0
0
0
0
0
1
0
1
0
0
0
1
1
0
1
0
0
0
0
0
0
0
0
0
1
1
0
0
0
0
1
0
0
0
0
1
0
0
0
0
0
0
0
0
0
1
0
0
0
0
0
0
0
0
1
1
1
0
1
0
0
0
0
0
1
1
0
0
1
0
0
0
0
0
1
0
1
1
1
1
0
1
2
0
0
0
0
0
2
1
2
1
1
0
1
0
0
1
0
0
1
0
0
0
1
1
2
0
0
0
0
0
0
0
1
0
0
0
0
0
0
0
0
0
0
0
0
0
1
1
0
0
0
1
0
0
2
2
0
0
0
0
0
0
0
0
0
0
0
1
1
0
1
0
0
0
0
0
1
0
1
1
1
0
0
1
1
0
0
0
0
1
1
0
0
0
0
2
0
0
0
0
0
0
0
1
0
0
2
0
0
1
0
0
0
1
0
0
0
0
2
0
0
0
1
0
0
0
0
1
0
1
0
0
0
0
2
0
1
0
1
1
0
0
0
0
0
0
0
0
0
0
0
0
1
0
0
1
0
0
0
0
0
0
0
0
0
0
0
0
0
1
1
0
0
0
0
0
0
0
1
0
0
0
1
0
2
0
1
0
0
0
0
0
1
1
1
0
0
0
0
1
1
2
2
0
0
0
0
0
2
0
1
0
0
1
0
0
1
0
0
0
1
1
0
0
0
0
0
0
0
0
0
0
0
1
0
0
2
0
0
0
0
0
1
0
1
0
0
0
0
1
0
0
0
0
1
0
0
0
0
0
1
0
1
0
0
0
0
0
0
0
0
0
3
0
0
0
0
0
0
0
0
0
0
1
0
0
2
0
0
0
0
0
0
0
0
1
0
0
0
1
0
0
0
0
0
0
0
1
0
1
0
0
1
0
0
0
0
0
0
0
0
0
1
0
1
0
1
0
0
0
0
0
0
0
0
0
1
0
0
0
0
0
0
0
0
0
0
0
0
0
0
0
0
2
0
1
0
0
0
0
0
1
0
0
0
0
0
0
1
2
0
0
0
0
0
1
0
2
0
0